%YAML:1.0
---
K1: !!opencv-matrix
   rows: 3
   cols: 3
   dt: d
   data: [ 1.3952150533847878e+03, 0., 1.0264688368699083e+03, 0.,
       1.3066386024124015e+03, 6.6079863190957951e+02, 0., 0., 1. ]
K2: !!opencv-matrix
   rows: 3
   cols: 3
   dt: d
   data: [ 1., 0., 0., 0., 1., 0., 0., 0., 1. ]
D1: !!opencv-matrix
   rows: 1
   cols: 5
   dt: d
   data: [ -1.4804938418066094e-01, -1.0689363037626154e-01,
       9.5769584110897837e-03, -1.9025494161323522e-03,
       1.7424255246167919e-01 ]
D2: !!opencv-matrix
   rows: 1
   cols: 5
   dt: d
   data: [ 0., 0., 0., 0., 0. ]
R: !!opencv-matrix
   rows: 3
   cols: 3
   dt: d
   data: [ 9.9854976359182623e-01, 3.1563627020487470e-02,
       -4.3613152603537611e-02, -2.9108662223112730e-02,
       9.9801633504376674e-01, 5.5821866409039828e-02,
       4.5288579292009551e-02, -5.4471390978379761e-02,
       9.9748775037620974e-01 ]
T: [ 1.2235339134623491e-01, 2.0137631151240437e-01,
    -8.4582787599596798e-01 ]
E: !!opencv-matrix
   rows: 3
   cols: 3
   dt: d
   data: [ -1.5500870889797569e-02, 8.3318078908117332e-01,
       2.4808609464845588e-01, -8.5014243688078062e-01,
       -2.0032636183916392e-02, -8.5156788852717630e-02,
       -2.0464581179425523e-01, 1.1575451642420606e-01,
       1.5612650471150513e-02 ]
F: !!opencv-matrix
   rows: 3
   cols: 3
   dt: d
   data: [ -1.0322223991718697e-04, 5.9243689429608060e-03,
       -1.5039144762497831e+00, -5.6612049224439359e-03,
       -1.4244294780789118e-04, 5.1139923297104879e+00,
       -1.3627620817729402e-03, 8.2307762144549507e-04, 1. ]
R1: !!opencv-matrix
   rows: 3
   cols: 3
   dt: d
   data: [ 9.9291777488876387e-01, -1.0126739285067826e-01,
       6.2122519710428564e-02, 8.8843503511190622e-02,
       2.8576519551818275e-01, -9.5417246078175610e-01,
       7.8874103442151691e-02, 9.5293397891757492e-01,
       2.9273829204686486e-01 ]
R2: !!opencv-matrix
   rows: 3
   cols: 3
   dt: d
   data: [ 9.8557208423177445e-01, -1.2650122540056374e-01,
       1.1245046356148149e-01, 1.3934891461670776e-01,
       2.2934852994275484e-01, -9.6331777301586363e-01,
       9.6070530227441747e-02, 9.6508895537419392e-01,
       2.4366731712842640e-01 ]
P1: !!opencv-matrix
   rows: 3
   cols: 4
   dt: d
   data: [ 1., 0., 9.5878640257194638e+02, 0., 0., 1.,
       5.3945207157172263e+02, 0., 0., 0., 1., 0. ]
P2: !!opencv-matrix
   rows: 3
   cols: 4
   dt: d
   data: [ 1., 0., 9.5878640257194638e+02, 0., 0., 1.,
       5.3945207157172263e+02, 8.7803619915360920e-01, 0., 0., 1., 0. ]
Q: !!opencv-matrix
   rows: 4
   cols: 4
   dt: d
   data: [ 1., 0., 0., -9.5878640257194638e+02, 0., 1., 0.,
       -5.3945207157172263e+02, 0., 0., 0., 1., 0., 0.,
       -1.1389052079674606e+00, 0. ]
