%YAML:1.0
K1: !!opencv-matrix
   rows: 3
   cols: 3
   dt: d
   data: [ 1403.02, 0., 1181.69, 0., 1403.02, 606.83, 0., 0., 1. ]
K2: !!opencv-matrix
   rows: 3
   cols: 3
   dt: d
   data: [ 1405.3, 0., 1182.13, 0., 1405.3, 669.887, 0., 0., 1. ]
D1: !!opencv-matrix
   rows: 1
   cols: 5
   dt: d
   data: [-0.174174, 0.0265026, 0.000000, 0.000000, 0.000000]
D2: !!opencv-matrix
   rows: 1
   cols: 5
   dt: d
   data: [-0.172201, 0.0257262, 0.000000, 0.000000, 0.000000]
R: !!opencv-matrix
   rows: 3
   cols: 3
   dt: d
   data: [0.9998707, 0.0020620, 0.0159498, -0.0023028, 0.9998834, 0.0150949, -0.0159168, -0.0151297, 0.9997588]
T: [-0.120000, 0., 0.]
