%YAML:1.0
K1: !!opencv-matrix
   rows: 3
   cols: 3
   dt: d
   data: [1400.09, 0., 1115.56, 0., 1400.09, 661.181, 0., 0., 1. ]
K2: !!opencv-matrix
   rows: 3
   cols: 3
   dt: d
   data: [1397.49, 0., 1108.38, 0., 1397.49, 682.883, 0., 0., 1. ]
D1: !!opencv-matrix
   rows: 1
   cols: 5
   dt: d
   data: [-0.175214, 0.0276524, 0.000000, 0.000000, 0.000000]
D2: !!opencv-matrix
   rows: 1
   cols: 5
   dt: d
   data: [-0.173109, 0.0269531, 0.000000, 0.000000, 0.000000]
R: !!opencv-matrix
   rows: 3
   cols: 3
   dt: d
   data: [0.9998852, 0.0018827, 0.0150351, -0.0020145, 0.9999596, 0.0087578, -0.0150180, -0.0087871, 0.9998486 ]
T: [-0.120000, 0., 0.]


