%YAML:1.0
K1: !!opencv-matrix
   rows: 3
   cols: 3
   dt: d
   data: [ 698.865, 0., 656.528, 0., 698.865, 380.575, 0., 0., 1. ]
K2: !!opencv-matrix
   rows: 3
   cols: 3
   dt: d
   data: [ 699.765, 0., 657.302, 0., 699.765, 387.32, 0., 0., 1. ]
D1: !!opencv-matrix
   rows: 1
   cols: 5
   dt: d
   data: [-0.169019, 0.025709, 0.000000, 0.000000, 0.000000]
D2: !!opencv-matrix
   rows: 1
   cols: 5
   dt: d
   data: [-0.170780, 0.026094, 0.000000, 0.000000, 0.000000]
R: !!opencv-matrix
   rows: 3
   cols: 3
   dt: d
   data: [  0.9999874,  0.0002211,  0.0050087, -0.0002233, 0.9999999, 0.0004326, -0.0050086, -0.0004337,  0.9999874 ]
T: [-0.120003, 0., 0.]
