%YAML:1.0
K1: !!opencv-matrix
   rows: 3
   cols: 3
   dt: d
   data: [1455.3989095605004, 0.0, 1060.6037334956093, 0.0, 1442.0352529887468, 550.1961039517793, 0.0, 0.0, 1.0]
K2: !!opencv-matrix
   rows: 3
   cols: 3
   dt: d
   data: [1442.1327189414603, 0.0, 1050.2889567204552, 0.0, 1429.5741852183492, 499.9517712835715, 0.0, 0.0, 1.0]
D1: !!opencv-matrix
   rows: 1
   cols: 5
   dt: d
   data: [-0.15247786623093715, 0.004831998172233649, -0.00033629259571068133, 0.001965119482480269, 0.0]
D2: !!opencv-matrix
   rows: 1
   cols: 5
   dt: d
   data: [-0.1585355133598933, -0.016060139422696736, 0.0009937754173278742, 0.0029793855527242394, 0.0]
R: !!opencv-matrix
   rows: 3
   cols: 3
   dt: d
   data: [0.9999474505352597, -0.003571812433503914, -0.009609283218542672, 0.003359127889013447, 0.9997510260226319, -0.022059062231202377, 0.009685681589828929, 0.02202562422803663, 0.9997104878161006]
T: [0.12078987223634546, -0.0006051693871778157, -0.002433116380576518]
