%YAML:1.0
K1: !!opencv-matrix
   rows: 3
   cols: 3
   dt: d
   data: [731.7096899384491, 0.0, 610.2699070429452, 0.0, 732.6396773680251, 380.10117453132716, 0.0, 0.0, 1.0]
K2: !!opencv-matrix
   rows: 3
   cols: 3
   dt: d
   data: [772.4351870626853, 0.0, 629.6754993588987, 0.0, 770.5493051525078, 381.0287134017269, 0.0, 0.0, 1.0]
D1: !!opencv-matrix
   rows: 1
   cols: 5
   dt: d
   data: [-0.18592421285522714, 0.035194120427392325, 0.0019705113772865985, 0.0020545674094179693, 0.0]
D2: !!opencv-matrix
   rows: 1
   cols: 5
   dt: d
   data: [-0.1857716716576928, 0.03292722749537697, 0.003255239787912115, -0.0027268306977606916, 0.0]
R: !!opencv-matrix
   rows: 3
   cols: 3
   dt: d
   data: [0.9995118281428831, -0.0011686234435000658, -0.031220821925744217, 0.0005442979889319095, 0.9997998697333134, -0.01999810543398822, 0.031237943949161785, 0.019971349491132707, 0.9993124316535504]
T: [0.1184800815685253, -0.0011440617401813225, 0.02354460498212641]

